35
91
37
7
48
94
18
23
54
85
80
76
64
7
20
33
56
79
91
88
20
1
73
91
27
64
36
48
20
35
73
18
71
93
98
10
96
64
50
66
94
81
100
96
27
50
54
77
93
95
88
24
53
62
20
72
93
54
10
4
2
27
84
71
14
34
13
95
61
71
14
86
59
30
77
61
12
67
25
44
69
35
40
34
98
86
12
16
63
10
47
73
80
49
18
73
81
86
67
34
68
26
18
66
40
92
54
28
66
55
10
18
68
20
89
9
40
26
1
9
56
71
76
45
47
66
39
31
77
39
29
100
91
77
39
57
1
96
22
10
6
15
64
15
10
25
69
89
7
22
8
62
49
56
81
30
47
46
75
51
56
92
71
21
83
9
50
88
8
95
79
57
10
90
83
21
5
76
74
1
64
52
32
62
59
22
35
31
51
27
33
21
35
89
61
72
18
11
64
96
52
74
74
23
43
48
19
20
34
43
83
77
58
66
82
49
56
85
44
8
93
64
23
73
52
65
59
74
14
20
42
5
7
64
47
95
4
40
97
29
21
9
99
22
73
60
51
13
99
72
22
100
74
87
56